85.098999 30.932100 2.908387 
84.997902 31.084200 4.266333 
85.012100 31.154900 3.537626 
85.129898 31.301600 2.726301 
85.102997 31.378300 4.011443 
85.182800 31.515301 3.516599 
85.189400 31.583700 4.239799 
85.140404 31.731899 4.114673 
85.032303 31.802900 3.699792 
84.822701 32.003899 3.392655 
84.694397 32.118698 3.762774 
84.513100 32.180500 1.986036 
84.131104 32.381599 1.866238 
84.239601 32.454498 1.895967 
84.223503 32.598099 1.662999 
84.215698 32.666698 1.967573 
84.314796 33.027100 1.811395 
84.221001 33.119099 1.917361 
84.246399 33.307098 2.083793 
84.262901 33.421902 1.382684 
