888.301086 12000 19540 23241 25709 32759 9500 11500
869.732727 12000 19382 23006 25422 32325 9500 11500
865.414001 12000 19346 22952 25356 32224 9500 11500
862.918274 12000 19325 22920 25317 32166 9500 11500
855.401917 12000 19261 22825 25201 31990 9500 11500
851.336914 12000 19226 22774 25138 31895 9500 11500
846.980530 12000 19189 22718 25071 31793 9500 11500
833.013672 12000 19071 22542 24856 31467 9500 11500
820.102539 12000 18961 22378 24656 31165 9500 11500
790.719910 12000 18712 22007 24203 30479 9500 11500
773.333801 12000 18564 21787 23935 30072 9500 11500
755.653137 12000 18414 21563 23662 29659 9500 11500
713.606140 12000 18057 21031 23013 28676 9500 11500
716.674744 12000 18083 21070 23060 28748 9500 11500
705.879089 12000 17992 20933 22894 28496 9500 11500
700.784241 12000 17949 20868 22815 28377 9500 11500
685.761597 12000 17821 20678 22583 28026 9500 11500
672.874084 12000 17712 20515 22384 27725 9500 11500
663.893250 12000 17635 20402 22246 27515 9500 11500
658.751831 12000 17592 20337 22166 27395 9500 11500
